14263
14154
14175
14410
14603
14704
14428
14551
14527
14584
14573
14460
14553
14768
14636
14462
14616
14807
14263
14154
14175
14410
14603
14704
14428
14551
14527
14584
14573
14460
14553
14768
14636
14462
14616
14807
150008
150009
150001
150066
150042
150247
150293
150335
150525
150388
150530
150842
150807
150767
150710
150657
150549
160053
160486
160493
160504
160402
160735
160759
160754
160586
12110
12189
13054
13137
13380
13562
13735
14263
14154
14175
14410
14603
14704
14428
14551
14527
14584
14573
14460
14553
14768
14636
14462
14616
14807
14204
14138
14771
14738
150008
150009
150001
150066
150042
150247
150293
150335
150525
150388
150530
150842
150807
150767
150710
150657
150549
160053
160486
160493
160504
160402
160735
160759
160754
160586
