5
18
26
27
35
49
56
58
60
67
80
91
94
101
103
105
116
122
129
137
159
163
165
173
185
188
196
206
213
226
234
237
241
246
259
261
266
269
277
278
286
287
289
291
292
310
313
320
321
325
327
330
336
341
346
348
362
364
367
368
370
371
372
378
381
382
383
384
388
389
404
405
410
412
414
417
420
423
424
425
426
427
431
436
437
445
451
468
472
473
476
478
481
482
485
489
491
493
499
500
502
508
516
528
540
544
547
548
558
564
573
576
583
586
587
590
600
603
608
612
618
632
639
654
660
663
666
677
681
683
685
690
691
